218

5 0 6 29 14 13 1
5 0 51 17 48 3 1
5 0 256 226 232 32 4 1
5 63 10 1
9 96 5 0
14 2 3 17 48 11 1
14 2 13 66 5 1
14 2 144 6 9 1
14 106 20 1
16 39 12 0
26 20 22 21 29 14 21 1
26 79 11 1
34 22 21 29 14 5 2
34 22 21 44 38 1 2
34 22 36 34 27 2
34 146 101 23 2
34 111 45 2
40 24 42 68 1 1
40 24 43 10 8 1
40 24 169 114 2 1
40 144 6 31 1
40 23 16 1
48 45 29 14 15 0
48 83 12 0
57 50 45 29 14 10 1
57 50 56 33 79 103 18 1
57 100 20 1
65 51 17 48 9 0
65 115 3 0
72 54 50 59 232 32 19 1
72 41 24 1
74 5 19 0
89 77 76 87 30 5 2
89 77 130 45 29 14 13 2
89 77 130 45 75 8 116 7 2
89 168 271 84 5 2
89 168 284 82 6 2
89 168 2 29 2
89 43 37 2
107 92 85 54 5 2
107 92 106 97 25 2
107 251 50 33 2
107 35 16 2
108 93 75 8 116 7 2
108 93 218 112 25 2
108 156 159 158 168 2 2 2
108 213 20 16 2
108 19 23 2
113 13 66 29 3
113 93 218 112 12 3
113 275 45 75 8 116 10 3
113 275 45 91 101 89 2 3
113 117 74 3
115 94 116 80 3 1
115 94 158 168 2 2 1
115 97 92 106 97 7 1
115 97 92 229 74 13 1
115 97 129 36 1 1
115 1 11 1
119 95 92 229 74 17 2
119 95 94 158 168 2 8 2
119 95 124 58 17 2
119 236 93 10 2
119 85 22 2
121 36 34 25 1
121 73 17 1
127 7 17 0
140 285 288 22 14 0
140 11 14 0
141 277 0 50 2
141 31 34 2
143 0 256 263 64 11 2
143 132 21 44 38 10 2
143 132 51 17 48 10 2
143 132 51 61 26 7 2
143 132 133 149 42 12 2
143 37 16 2
145 132 133 149 42 9 1
145 132 144 6 31 1
145 81 14 1
148 133 151 99 25 1
148 133 263 64 1 1
148 45 18 1
150 88 46 75 8 116 1 2
150 88 46 75 78 62 4 2
150 133 263 64 12 2
150 163 52 30 2
150 33 48 2
153 104 4 0
160 155 62 78 39 3
160 155 158 168 2 8 3
160 159 158 168 2 12 3
160 159 158 169 114 13 3
160 159 158 173 24 16 3
160 159 177 40 2 3
160 27 86 3
162 128 42 68 16 2
162 128 250 76 29 2
162 61 40 2
166 75 78 62 35 2
166 75 79 103 3 2
166 92 46 2
178 159 177 40 12 2
178 159 179 229 74 6 2
178 159 179 110 21 2
178 29 44 2
184 181 21 44 38 18 1
184 181 180 183 8 116 2 1
184 181 180 183 12 1 1
184 55 26 1
187 130 45 91 101 89 2 2
187 170 158 173 24 4 2
187 182 51 61 26 26 2
187 275 45 91 101 89 17 2
187 275 94 158 173 24 2 2
187 113 32 2
188 182 51 61 26 4 1
188 182 52 75 79 103 7 1
188 182 52 228 149 42 13 1
188 182 52 228 227 3 17 48 4 1
188 182 52 256 263 64 3 1
188 17 14 1
193 173 24 45 3
193 182 52 256 263 64 10 3
193 182 52 256 269 8 11 3
193 182 52 256 271 84 2 3
193 182 159 179 110 14 3
193 88 45 3
207 196 197 199 91 101 89 4 2
207 196 206 95 31 2
207 108 78 2
208 69 17 0
212 37 16 41 3
212 101 89 41 3
212 94 74 3
216 199 91 101 89 10 1
216 199 91 102 105 8 1
216 199 118 250 76 7 1
216 102 24 1
217 119 41 1
220 200 28 46 15 2
220 200 218 112 32 2
220 226 232 32 7 2
220 87 62 2
221 21 44 38 10 2
221 171 158 173 24 3 2
221 171 44 28 2
221 109 55 2
223 51 62 78 12 3
223 51 66 91 32 3
223 51 67 70 5 3
223 157 158 173 24 1 3
223 157 158 174 59 232 32 3 3
223 157 158 175 60 1 3
223 157 158 218 112 9 3
223 157 271 84 35 3
223 59 53 3
231 225 229 74 11 0
231 225 251 50 4 0
231 13 5 0
233 77 130 45 91 102 105 9 2
233 77 130 136 28 3 2
233 77 158 218 112 2 2
233 77 195 271 84 2 2
233 136 28 8 2
233 246 3 17 48 14 2
233 246 242 118 6 2
233 21 36 2
237 228 227 3 17 48 8 1
237 228 227 3 236 93 14 1
237 228 227 236 93 5 1
237 228 238 56 5 1
237 228 243 72 8 1
237 65 19 1
241 228 243 72 2 1
241 228 244 218 112 2 1
241 228 244 18 35 1
241 98 13 1
249 45 91 102 105 15 2
249 45 180 183 12 17 2
249 229 74 27 2
249 245 114 86 23 2
249 245 250 76 3 2
249 49 32 2
253 123 95 134 154 42 68 1 1
253 246 242 118 15 1
253 246 251 50 5 1
253 47 36 1
254 9 14 0
259 15 21 0
261 68 51 67 70 3 1
261 68 236 93 4 1
261 25 30 1
267 200 218 112 3 0
267 77 11 0
273 71 25 0
278 275 94 158 218 112 1 1
278 275 124 58 7 1
278 275 158 218 112 8 1
278 275 277 0 3 1
278 57 35 1
283 276 51 67 70 1 0
283 67 3 0
292 286 1 7 4 33 2
292 286 1 8 116 9 2
292 286 257 245 250 76 4 2
292 75 32 2
294 186 168 2 45 2
294 286 257 245 250 76 14 2
294 286 281 136 28 3 2
294 286 281 107 11 2
294 53 24 2
295 3 24 0
298 287 11 1 8 116 8 1
298 287 76 87 30 2 1
298 287 95 134 154 42 68 8 1
298 90 12 1
299 51 88 2
